num3 = [0,10,20];
%num3 = [0,100,200];
%num3 = [0,300,600];
%num3 = [1e-2,(30+1)*1e-2,(60+1)*1e-2];
a3 = [0.9938,0.5333 ,0.5061 ];
b3 = [1,0,0];

num4 = [0,10,20,30];
a4 = [0.8631,0.0611,0.0535,0.0223];
b4 = [1,0,0,0];

num5 = [0,10,20,30,40];
%num5 = [0,100,200,300,400];
%num5 = [0,150,300,450,600];
a5 = [0.8552,0.0630,0.0494,0.0177,0.0147];
b5 = [1,0,0,0,0];

num6 = [0,10,20,30,40,50];
a6 = [0.8564,0.0739,0.0259,0.0201,0.0139,0.0083];
b6 = [1,0,0,0,0,0];

num7 = [0,10,20,30,40,50,60];
a7 = [0.7881,0.0751,0.0713,0.0264,0.0212,0.0115,0.0058];
b7 = [1,0,0,0,0,0,0];

%num = [0,10,20,30,40,50,60];
%a = [0.788085545;0.075067033;
%0.071333715;
%0.0263713;
%0.021214792;
%0.011476042;
%0.005751494;
%];
%b = [1,0,0,0,0,0,0];

